0.4
0.380851
0.4
0.397353
0.4
0.389414
0.4
0.393293
0.4
0.378911
0.4
0.373719
0.4
0
0.4
0.341956
0.4
0.398959
0.4
0.378585
0.4
0.394646
0.4
0.395836
0.4
0.365493
0.4
0.353531
0.4
0.388512
0.4
0.373911
0.4
0.367729
0.4
0.368174
0.4
0.354049
0.4
0.315125
0.4
0.363795
0.4
0.363999
0.4
0.371926
0.4
0.337462
0.4
0.362229
0.4
0.358932
0.4
0.359222
0.4
0.335105
0.4
0.340352
0.4
0
0.4
0.37454
0.4
0.366889
0.4
0.390557
0.4
0.340397
0.4
0.338856
0.4
0
0.381157
0
0.28872
0.189575
0.358176
0.382583
0.35545
0.35943
0.357219
0.353239
0
0
0.241443
0.270361
0.205263
0.318744
0.328111
0.346225
0.301533
0.341808
0.297815
0.316972
0.307783
0.358985
0.34474
0.333665
0.345184
0.342044
0.339249
0.339905
0.332249
0.338991
0
0.339024
0.339943
0.3397
0
0
0.165428
0.196309
0
0.130877
0.356777
0.35545
0.355892
0.357219
0
0
0.176228
0.175203
0.165179
0.218964
0.289693
0
0.17032
0.162044
0.17297
0.215273
0.295698
0
0.248954
0.338754
0.159435
0.339503
0.340086
0.339671
0.339038
0.314902
0
0.340331
0.339793
0.339796
0
0
0.117554
0.162446
0
0.0760643
0
0.0317006
0
0
0
0
0.132924
0.167015
0.0968022
0.0800882
0
0
0.172008
0.163669
0.135786
0.0975897
0
0
0.159628
0
0.191063
0
0
0
0
0
0
0
0
0
0.01
0.01
0.01
0.01
0.01
0.01
0.01
0.01
0.01
0.01
0.01
0.01
0.01
0.01
0.01
0.01
0.01
0.01
0.01
0.01
0.01
0.01
0.01
0.01
0.01
0.01
0.01
0.01
0.01
0.01
0.01
0.01
0.01
0.01
0.01
0.01
